123;345;34;1;109;BigMac;480;2300;15
123;345;34;1;201;Ensalada Cesar;320;1200;27
123;345;34;2;210;Pasta Alfredo;450;1800;8
345;987;456;2;134;Tostadas de Trigo;200;900;12
345;987;456;2;309;Hamburguesa de Pavo;390;1500;3
345;987;456;3;156;Sopa del Dia;220;800;29
4567;234;876;3;180;Guacamole;120;500;17
4567;234;876;3;278;Champinones al Ajillo;210;900;22
4567;234;876;1;143;Tacos de Pollo;310;1300;6
12;34;234;230;249;Sopa de Lentejas;180;700;20
12;34;234;230;598;Ensalada de Espinacas;230;1100;1
12;34;234;231;374;Bife de Chorizo;410;1800;25
51;234;2346;2;450;Sushi de Tempura;280;1200;10
51;234;2346;2;519;Sushi de Aguacate;250;1050;16
51;234;2346;3;375;Sashimi de Atun;320;1350;4
51;234;2347;3;125;Cafe Espresso;70;380;30
51;234;2347;45;198;Cafe Americano;80;420;28
51;234;2347;176;267;Latte;150;600;19